0000002034
0000003952
0000004515
0000004611
0000004969
0000005133
0000005768
0000006769
0000006885
0000007032
0000007286
0000009263
0000009984
0000012400
0000013055
0000015357
0000015393
0000016104
0000018061
0000018169
0000018396
0000018808
0000018886
0000019353
0000020171
0000021510
0000022551
0000023082
0000024751
0000025354
0000026076
0000027673
0000028385
0000029915
0000031277
0000031704
0000031978
0000031986
0000032776
0000032878
0000037634
0000038009
0000038067
0000038074
0000038079
0000038984
0000040194
0000040528
0000040554
0000040730
0000042228
0000042284
0000042316
0000043300
0000044689
0000045947
0000046207
0000046640
0000047129
0000048732
0000049648
0000049728
0000052428
0000053500
0000053669
0000054507
0000054681
0000055387
0000055604
0000057055
0000057183
0000058592
0000060751
0000061339
0000064670
0000064978
0000065100
0000066649
0000067625
0000068589
0000069499
0000070530
0000070684
0000072020
0000072207
0000072316
0000072909
0000073020
0000073048
0000073088
0000073605
0000074145
0000075594
0000075679
0000075829
0000076348
0000077877
0000078460
0000078838
0000081033
0000081061
0000081318
0000083246
0000085408
0000085704
0000088572
0000089041
0000089270
0000090144
0000090794
0000091928
0000092116
0000092232
0000092416
0000092521
0000093451
0000093456
0000093859
0000095304
0000095572
0000096271
0000097142
0000097517
0000099250
0000100412
0000100548
0000101462
0000101830
0000102741
0000103884
0000104819
0000105076
0000106311
0000108772
0000109471
0000110019
0000110104
0000201461
0000201779
0000203527
0000205402
0000216039
0000216539
0000216877
0000225263
0000225789
0000230211
0000230498
0000276750
0000277638
0000278128
0000310568
0000310826
0000312065
0000313151
0000313353
0000314237
0000314606
0000314690
0000314712
0000314741
0000315261
0000318346
0000318508
0000318835
0000318986
0000319156
0000319200
0000319687
0000320174
0000320387
0000320431
0000350077
0000350563
0000350907
0000351017
0000351231
0000351346
0000351397
0000351931
0000352736
0000352747
0000353394
0000353569
0000353681
0000353944
0000354521
0000354655
0000354706
0000354964
0000355356
0000355429
0000355573
0000355627
0000355637
0000355804
0000356213
0000356472
0000357108
0000700890
0000701221
0000703329
0000703360
0000704159
0000704165
0000704384
0000705752
0000706688
0000708717
0000708870
0000710507
0000711213
0000711513
0000713002
0000714311
0000715578
0000717724
0000718096
0000718396
0000718916
0000719184
0000719209
0000719274
0000719581
0000719731
0000720392
0000721083
0000722077
0000722648
0000722833
0000725537
0000726037
0000726865
0000727538
0000727892
0000729237
0000730000
0000730255
0000730729
0000731288
0000731657
0000731859
0000734543
0000739708
0000739878
0000740156
0000740371
0000740670
0000740726
0000741114
0000742126
0000743366
0000743870
0000745538
0000745544
0000745651
0000747159
0000747605
0000748714
0000749153
0000749935
0000750150
0000750304
0000750556
0000750813
0000751085
0000751652
0000754737
0000756862
0000757641
0000759458
0000761034
0000764586
0000764764
0000767884
0000768251
0000768890
0000769131
0000774517
0000775345
0000775662
0000777491
0000777917
0000778438
0000779227
0000783280
0000785024
0000785815
0000786360
0000787250
0000787251
0000787496
0000789860
0000790024
0000790067
0000790070
0000790362
0000790528
0000790652
0000790715
0000790730
0000790877
0000791770
0000792641
0000792989
0000794775
0000796124
0000797079
0000797463
0000799414
0000800458
0000801348
0000802851
0000803771
0000804055
0000804154
0000804212
0000804217
0000804671
0000805326
0000805792
0000805993
0000806175
0000808011
0000808377
0000810117
0000810689
0000811271
0000811532
0000811868
0000812233
0000812301
0000812630
0000812701
0000813619
0000813658
0000814046
0000814904
0000814920
0000815024
0000815065
0000815917
0000817366
0000819689
0000820096
0000820237
0000820380
0000820738
0000822083
0000822418
0000822662
0000822708
0000822783
0000825315
0000825410
0000825411
0000825788
0000826083
0000826773
0000827230
0000828530
0000828878
0000829114
0000830159
0000830741
0000831246
0000831967
0000834071
0000835095
0000835357
0000836106
0000836429
0000836658
0000837010
0000837173
0000837919
0000839345
0000840264
0000841501
0000841692
0000842183
0000842314
0000843368
0000844048
0000845091
0000845698
0000845750
0000846581
0000846876
0000847384
0000847415
0000849213
0000849706
0000850693
0000852564
0000852570
0000852766
0000852953
0000853464
0000853496
0000853566
0000854852
0000856135
0000857115
0000857737
0000857872
0000857957
0000858339
0000858395
0000858748
0000859014
0000859163
0000859368
0000859475
0000859598
0000859905
0000859906
0000859921
0000860331
0000861370
0000861441
0000861955
0000862923
0000863015
0000864270
0000864839
0000865917
0000866121
0000867687
0000867773
0000868082
0000868740
0000869660
0000869986
0000870385
0000870743
0000870815
0000873198
0000873799
0000874016
0000874663
0000875159
0000875278
0000876367
0000878004
0000878375
0000879555
0000879796
0000880460
0000880643
0000881453
0000881716
0000882289
0000882829
0000883943
0000883981
0000884130
0000884504
0000884905
0000884940
0000885531
0000885542
0000885551
0000885568
0000885721
0000885975
0000885988
0000886035
0000886158
0000886171
0000887226
0000887637
0000887921
0000888471
0000888719
0000888919
0000888953
0000889123
0000889156
0000889423
0000889570
0000889930
0000891106
0000892342
0000892875
0000892997
0000894237
0000894245
0000894847
0000895051
0000895516
0000895648
0000895663
0000896400
0000896726
0000896842
0000897075
0000897315
0000899297
0000899597
0000899647
0000899749
0000899881
0000900017
0000900393
0000902739
0000904163
0000904918
0000907045
0000909111
0000909281
0000910467
0000910560
0000911002
0000911160
0000911503
0000911568
0000911635
0000912145
0000912382
0000912513
0000912605
0000912752
0000913496
0000913497
0000913778
0000914536
0000914747
0000914748
0000915140
0000915735
0000916459
0000916529
0000916863
0000917032
0000918946
0000918962
0000919443
0000919465
0000919605
0000920527
0000920990
0000921051
0000921112
0000921768
0000922475
0000923649
0000923660
0000924124
0000925263
0000925266
0000925306
0000925535
0000926287
0000926761
0000926843
0000927417
0000927569
0000928659
0000928835
0000929452
0000929887
0000929920
0000929921
0000929940
0000929994
0000930184
0000930810
0000930835
0000931182
0000931755
0000932136
0000933425
0000933738
0000934612
0000935493
0000935494
0000935724
0000937136
0000937252
0000937834
0000940329
0000941020
0000941436
0000943320
0000943823
0000943904
0000943906
0000944130
0000944136
0000944739
0000944765
0000944792
0000944868
0000946155
0000947011
0000947440
0000948218
0000949189
0000949297
0000949852
0001000180
0001000229
0001000459
0001001039
0001002388
0001002519
0001002771
0001002822
0001003124
0001003642
0001003815
0001003950
0001003961
0001004440
0001005011
0001005177
0001005276
0001005409
0001005758
0001006459
0001009919
0001010286
0001010775
0001011452
0001011661
0001012704
0001014041
0001016546
0001016900
0001017616
0001017699
0001018215
0001018216
0001019216
0001019542
0001019737
0001020347
0001020448
0001020646
0001021096
0001021422
0001022344
0001022345
0001023291
0001023362
0001023453
0001023458
0001024452
0001024725
0001024729
0001025362
0001027099
0001027884
0001028394
0001028536
0001028985
0001029356
0001029454
0001029831
0001030896
0001032863
0001033012
0001033128
0001034563
0001034669
0001035884
0001036070
0001036500
0001036968
0001037156
0001037189
0001037461
0001037676
0001037949
0001038286
0001038363
0001038509
0001040765
0001041177
0001041609
0001042463
0001042642
0001042773
0001042809
0001043121
0001043156
0001043325
0001043565
0001043825
0001043951
0001044082
0001044650
0001045546
0001046188
0001046672
0001046788
0001046880
0001047699
0001047865
0001047919
0001048055
0001048501
0001048789
0001049108
0001050007
0001050957
0001051343
0001051473
0001051488
0001051771
0001051829
0001051830
0001052045
0001052354
0001052636
0001053059
0001054508
0001055294
0001055355
0001056239
0001056598
0001056756
0001057051
0001057058
0001057076
0001057689
0001057695
0001058057
0001058767
0001058926
0001059272
0001059324
0001060386
0001060749
0001060755
0001061169
0001061393
0001061507
0001063489
0001063530
0001064090
0001064116
0001064863
0001065001
0001065049
0001065188
0001065189
0001065201
0001065754
0001066107
0001066134
0001066551
0001066656
0001066658
0001066719
0001067286
0001067419
0001068084
0001068148
0001068237
0001068300
0001069152
0001069489
0001069563
0001070295
0001070361
0001070380
0001071941
0001071993
0001072805
0001072806
0001072842
0001073149
0001073431
0001074433
0001074909
0001075058
0001076195
0001076700
0001076744
0001076966
0001077241
0001077561
0001077637
0001077638
0001077866
0001079786
0001080099
0001080398
0001081091
0001081316
0001081568
0001081860
0001082431
0001082492
0001082526
0001082822
0001083410
0001083663
0001083768
0001083866
0001083922
0001084067
0001084133
0001084226
0001084415
0001084580
0001084597
0001084662
0001085392
0001085770
0001086139
0001086411
0001086670
0001086722
0001087835
0001088120
0001088211
0001088213
0001088949
0001089272
0001089590
0001089748
0001089819
0001089976
0001091312
0001092448
0001092562
0001092807
0001092914
0001093677
0001093683
0001093903
0001094019
0001094093
0001094651
0001094742
0001094808
0001095007
0001095133
0001096481
0001096768
0001096791
0001096840
0001097396
0001097718
0001099215
0001099568
0001100179
0001100202
0001100380
0001100394
0001100412
0001100441
0001100542
0001100592
0001100747
0001100878
0001100962
0001100969
0001101423
0001101723
0001101783
0001101865
0001102112
0001102741
0001102942
0001103345
0001103384
0001103601
0001104188
0001104358
0001104502
0001104891
0001105055
0001105064
0001105472
0001107998
0001108730
0001108827
0001108924
0001109448
0001109879
0001110795
0001110805
0001110903
0001111285
0001111468
0001111473
0001111817
0001112551
0001112706
0001113026
0001113481
0001113784
0001114274
0001115222
0001116112
0001116521
0001116927
0001118004
0001118072
0001118233
0001118384
0001118761
0001119721
0001120129
0001120434
0001120830
0001121745
0001121901
0001122108
0001122897
0001122991
0001123312
0001123852
0001124676
0001125053
0001125264
0001125914
0001126162
0001126294
0001126533
0001127242
0001127245
0001127342
0001128581
0001129096
0001129633
0001129920
0001130128
0001130758
0001130808
0001130888
0001130889
0001131096
0001131457
0001131543
0001131675
0001131907
0001132143
0001133266
0001134016
0001135152
0001135361
0001135971
0001136529
0001136796
0001136933
0001137046
0001137239
0001137861
0001138301
0001140486
0001140509
0001140657
0001141107
0001141615
0001141719
0001143068
0001143834
0001143921
0001144326
0001144519
0001144834
0001145328
0001145404
0001145460
0001145765
0001156174
0001156337
0001156815
0001156871
0001157516
0001157522
0001157758
0001158863
0001159019
0001159154
0001160945
0001161049
0001161366
0001161550
0001161976
0001162000
0001163332
0001163348
0001164191
0001164246
0001166365
0001166568
0001166789
0001167178
0001167609
0001168081
0001168220
0001168696
0001168960
0001168990
0001169055
0001169083
0001170154
0001170593
0001170797
0001170991
0001171032
0001171079
0001171357
0001171689
0001172318
0001172319
0001173284
0001173394
0001173431
0001174266
0001174527
0001174746
0001174907
0001175028
0001175029
0001175108
0001175757
0001176236
0001176325
0001177274
0001177845
0001178132
0001179090
0001179351
0001179484
0001179500
0001180638
0001182731
0001185198
0001186258
0001186362
0001188382
0001191857
0001193311
0001200528
0001202273
0001203900
0001204560
0001205332
0001206401
0001206942
0001208261
0001209709
0001209821
0001210294
0001213336
0001216596
0001216752
0001220606
0001221749
0001223112
0001224950
0001224952
0001225307
0001227265
0001227268
0001227930
0001229089
0001230634
0001233275
0001234308
0001235010
0001238289
0001240581
0001242513
0001248124
0001250873
0001253328
0001253329
0001253347
0001253557
0001254371
0001255895
0001256069
0001259045
0001259515
0001260349
0001260429
0001260625
0001261159
0001261302
0001261379
0001261436
0001261694
0001261888
0001262450
0001262751
0001262768
0001262959
0001265107
0001267023
0001267391
0001267425
0001267426
0001267919
0001268238
0001269879
0001270400
0001270426
0001270427
0001270428
0001270430
0001271551
0001271833
0001272430
0001272830
0001272906
0001273801
0001273931
0001274211
0001274563
0001276262
0001276477
0001277151
0001277250
0001277270
0001277406
0001277856
0001279228
0001280821
0001282266
0001282400
0001282723
0001283630
0001283789
0001283810
0001285236
0001285480
0001286131
0001286225
0001286648
0001286964
0001288248
0001288496
0001288776
0001288924
0001289236
0001289237
0001289592
0001289701
0001289785
0001289790
0001289863
0001290505
0001292055
0001292518
0001293211
0001293282
0001293330
0001293971
0001294157
0001294208
0001294476
0001294538
0001294608
0001294632
0001295503
0001295664
0001295714
0001296435
0001296884
0001297667
0001297720
0001298824
0001299109
0001299966
0001300781
0001301063
0001301081
0001301106
0001301206
0001301299
0001301704
0001302324
0001302343
0001302365
0001302709
0001302834
0001302849
0001304898
0001305014
0001305168
0001305631
0001307873
0001308085
0001308137
0001308161
0001308711
0001309126
0001309132
0001309136
0001309346
0001309764
0001309987
0001310157
0001310243
0001310291
0001310893
0001310982
0001311369
0001311486
0001311546
0001312069
0001312073
0001312109
0001312165
0001312910
0001313536
0001313918
0001314152
0001314223
0001314475
0001315061
0001316360
0001316517
0001316625
0001316631
0001316644
0001316656
0001316944
0001317436
0001317833
0001318084
0001318196
0001318742
0001319009
0001319764
0001320338
0001321002
0001321070
0001321228
0001321502
0001321573
0001322739
0001323274
0001323653
0001323891
0001324482
0001324518
0001324592
0001325460
0001325676
0001325703
0001325740
0001325814
0001325878
0001325955
0001326141
0001326252
0001326321
0001326364
0001326396
0001326771
0001326807
0001327195
0001327557
0001327978
0001328769
0001329011
0001329069
0001329517
0001329548
0001329701
0001329842
0001330323
0001330399
0001330421
0001330436
0001330622
0001330820
0001331451
0001331463
0001331745
0001331754
0001331757
0001332412
0001332445
0001332474
0001332572
0001333513
0001333614
0001333675
0001333835
0001334794
0001334814
0001335106
0001335137
0001335190
0001335236
0001335294
0001335725
0001335732
0001336282
0001336339
0001336545
0001336644
0001336691
0001337009
0001337213
0001337226
0001337272
0001337408
0001337675
0001338042
0001338474
0001338613
0001338624
0001338690
0001339048
0001339225
0001339854
0001340095
0001340122
0001340127
0001340282
0001340554
0001340652
0001341293
0001341318
0001341780
0001341808
0001342505
0001342514
0001342854
0001343011
0001343719
0001344494
0001344530
0001344596
0001344736
0001344807
0001344970
0001345111
0001345122
0001345991
0001346302
0001346922
0001347123
0001347218
0001347452
0001347491
0001347523
0001347815
0001348610
0001348788
0001349371
0001349593
0001349976
0001350420
0001350684
0001350770
0001350773
0001351541
0001351901
0001352081
0001352190
0001352858
0001353174
0001353209
0001353282
0001353307
0001353722
0001353741
0001353748
0001353972
0001354213
0001354752
0001354772
0001355001
0001355128
0001355242
0001355420
0001355607
0001355754
0001355786
0001355823
0001357115
0001357361
0001357369
0001357371
0001357787
0001357838
0001357878
0001357939
0001358651
0001358656
0001358831
0001359504
0001359687
0001360474
0001360683
0001360752
0001361025
0001361394
0001361955
0001361983
0001362491
0001364123
0001364397
0001364742
0001365022
0001365101
0001365790
0001365997
0001366391
0001366541
0001366744
0001366823
0001366986
0001367722
0001367832
0001367898
0001368194
0001368196
0001368252
0001368275
0001368294
0001368457
0001368510
0001368513
0001368568
0001368620
0001368757
0001368775
0001368900
0001368954
0001369140
0001369233
0001369628
0001369774
0001369817
0001370030
0001370544
0001370914
0001371247
0001371310
0001371451
0001371473
0001372000
0001372167
0001372414
0001372605
0001372620
0001373149
0001373179
0001373444
0001373683
0001373792
0001373835
0001374536
0001374694
0001374783
0001374881
0001374985
0001374993
0001375200
0001375424
0001375495
0001375554
0001375685
0001376074
0001376228
0001376912
0001377013
0001377040
0001377053
0001377145
0001377178
0001377318
0001377490
0001377720
0001377848
0001378020
0001378625
0001378774
0001378846
0001379075
0001379246
0001379606
0001379699
0001379714
0001379763
0001379895
0001380393
0001380412
0001380706
0001380713
0001380856
0001381324
0001381507
0001381786
0001381790
0001381792
0001381795
0001381796
0001381798
0001381804
0001381805
0001381807
0001381873
0001382085
0001382134
0001382413
0001382787
0001382805
0001383097
0001383528
0001383534
0001383571
0001383756
0001383803
0001383875
0001383960
0001384522
0001385211
0001385662
0001385720
0001386041
0001386164
0001386355
0001387061
0001387156
0001387361
0001387632
0001387713
0001388132
0001389030
0001389305
0001389405
0001389413
0001389797
0001390028
0001390213
0001390891
0001391174
0001391390
0001391570
0001391614
0001392121
0001392363
0001392448
0001392477
0001392486
0001392545
0001392875
0001393356
0001393359
0001393371
0001393403
0001393463
0001393631
0001393744
0001394069
0001394120
0001394922
0001395205
0001396426
0001396838
0001396877
0001397645
0001397867
0001398004
0001398005
0001398235
0001398603
0001398604
0001398605
0001399315
0001399406
0001399480
0001399541
0001399542
0001399587
0001399761
0001400431
0001400482
0001400848
0001401106
0001401306
0001401700
0001402062
0001402159
0001402186
0001402357
0001402478
0001402486
0001402747
0001402857
0001403081
0001403385
0001403720
0001403739
0001403752
0001403792
0001404624
0001405041
0001405049
0001405286
0001405287
0001405424
0001405621
0001405646
0001405663
0001405686
0001406578
0001406588
0001406796
0001406979
0001406980
0001407041
0001407161
0001407190
0001407268
0001407463
0001407623
0001407703
0001407739
0001407805
0001407882
0001408597
0001409014
0001409477
0001409775
0001409834
0001409916
0001409947
0001409986
0001410087
0001410567
0001410997
0001411058
0001411059
0001411158
0001411165
0001411303
0001411308
0001411488
0001411494
0001411643
0001411846
0001411879
0001411906
0001411974
0001412068
0001412090
0001412130
0001412212
0001413440
0001413862
0001414030
0001414475
0001414581
0001414964
0001415020
0001415022
0001415598
0001415603
0001415605
0001415935
0001415952
0001415998
0001416172
0001416265
0001416299
0001416729
0001416995
0001417192
0001417451
0001417900
0001417907
0001418243
0001418372
0001418475
0001419067
0001419069
0001419073
0001419178
0001419242
0001419552
0001419553
0001419556
0001419560
0001419577
0001419836
0001419984
0001419985
0001420031
0001420033
0001420034
0001420035
0001420061
0001420488
0001420566
0001420850
0001421182
0001421378
0001421523
0001421538
0001421602
0001421816
0001421871
0001421874
0001422141
0001422215
0001422220
0001422357
0001423243
0001423244
0001423245
0001423246
0001423417
0001423588
0001423974
0001424280
0001424328
0001424415
0001424454
0001424879
0001425392
0001425597
0001425808
0001425923
0001426568
0001426703
0001426780
0001426808
0001426850
0001427639
0001428040
0001428042
0001428043
0001428508
0001428522
0001428669
0001429470
0001429684
0001430124
0001430174
0001430602
0001430683
0001430869
0001430975
0001431372
0001431499
0001431824
0001431837
0001431888
0001432150
0001432254
0001432271
0001432272
0001432939
0001432967
0001432985
0001432987
0001433147
0001433269
0001433593
0001433833
0001433995
0001433997
0001434028
0001434070
0001434110
0001434485
0001434598
0001434702
0001434743
0001434830
0001434838
0001434893
0001435375
0001435530
0001435717
0001435736
0001435936
0001436174
0001436273
0001436426
0001436942
0001436975
0001437172
0001438095
0001438138
0001438139
0001438535
0001438576
0001438660
0001438884
0001439095
0001439154
0001439240
0001439241
0001439242
0001439245
0001439446
0001439636
0001439746
0001439971
0001439984
0001440208
0001440292
0001440476
0001441247
0001441551
0001441573
0001441634
0001441849
0001442215
0001442741
0001443075
0001443270
0001443609
0001444064
0001444090
0001444145
0001444177
0001444277
0001444570
0001444598
0001445049
0001445109
0001445146
0001445226
0001445229
0001445235
0001445541
0001445625
0001445635
0001446140
0001446210
0001446371
0001446714
0001446801
0001446806
0001447599
0001448763
0001448776
0001448962
0001449001
0001449097
0001450015
0001450307
0001450335
0001450551
0001451432
0001451598
0001451775
0001451797
0001451822
0001451929
0001451951
0001451980
0001452168
0001452476
0001452899
0001452920
0001452936
0001453086
0001453090
0001453420
0001453684
0001453818
0001453883
0001454298
0001454311
0001454384
0001454712
0001454719
0001454725
0001455271
0001455380
0001455650
0001455694
0001455741
0001455768
0001455819
0001456016
0001456137
0001457737
0001457919
0001458631
0001458704
0001458891
0001458962
0001459003
0001459241
0001459287
0001459697
0001460801
0001461219
0001461237
0001462103
0001462566
0001462567
0001462694
0001463176
0001463191
0001463389
0001463913
0001464305
0001464720
0001464963
0001465969
0001466225
0001466629
0001466815
0001467076
0001467560
0001467746
0001467845
0001468010
0001468910
0001468924
0001469115
0001469317
0001469383
0001469384
0001469385
0001469488
0001469628
0001469822
0001470215
0001471270
0001471487
0001471717
0001472277
0001472374
0001472595
0001472601
0001473637
0001473675
0001474266
0001474301
0001474307
0001474464
0001475204
0001475899
0001476246
0001476278
0001476651
0001476655
0001476719
0001476886
0001477961
0001477968
0001478087
0001478220
0001478259
0001479014
0001479142
0001479239
0001479320
0001479362
0001479382
0001479426
0001479575
0001479683
0001479915
0001480797
0001481199
0001481218
0001481339
0001481832
0001482073
0001482080
0001482179
0001482278
0001482550
0001482974
0001483057
0001483058
0001483173
0001483230
0001483496
0001483623
0001483714
0001483731
0001483798
0001484042
0001484055
0001484931
0001484949
0001485589
0001485594
0001486279
0001486800
0001487202
0001487239
0001487439
0001487447
0001487544
0001487561
0001487623
0001487685
0001487730
0001487775
0001487920
0001487932
0001487933
0001487990
0001487999
0001488309
0001488366
0001488420
0001488438
0001489024
0001489039
0001489136
0001489367
0001489644
0001489955
0001490165
0001490346
0001490381
0001490626
0001490653
0001490711
0001490892
0001490927
0001490930
0001490983
0001491029
0001491262
0001491675
0001491778
0001491828
0001491830
0001491959
0001492324
0001492459
0001492683
0001492869
0001493265
0001493587
0001493976
0001494473
0001494502
0001494562
0001495191
0001495536
0001495569
0001495898
0001496264
0001496268
0001496337
0001496646
0001496868
0001497029
0001497031
0001497033
0001497074
0001497120
0001497188
0001497246
0001497644
0001497764
0001497814
0001497916
0001497917
0001497918
0001497919
0001497920
0001498157
0001498325
0001498352
0001498380
0001498388
0001498398
0001498415
0001498542
0001498622
0001498864
0001499268
0001499274
0001499319
0001499320
0001499321
0001499323
0001499324
0001499325
0001499326
0001499327
0001499355
0001499482
0001499618
0001499875
0001500157
0001500365
0001500366
0001500367
0001500497
0001500554
0001500768
0001500861
0001501017
0001501134
0001501350
0001501732
0001501745
0001501804
0001501919
0001502555
0001502630
0001502659
0001502747
0001502749
0001502974
0001503227
0001503401
0001503518
0001503579
0001503636
0001503658
0001503707
0001503813
0001503828
0001503993
0001504307
0001504735
0001504875
0001504876
0001504877
0001504886
0001505361
0001505362
0001505363
0001505364
0001505366
0001505368
0001505369
0001505370
0001505371
0001505966
0001506215
0001506302
0001506325
0001506374
0001506481
0001506545
0001506546
0001506744
0001506932
0001507103
0001507196
0001507571
0001507934
0001507951
0001508332
0001508363
0001508470
0001508677
0001508933
0001509273
0001509692
0001510030
0001510256
0001510333
0001510489
0001510775
0001510839
0001510871
0001510961
0001510962
0001510963
0001511079
0001511081
0001511139
0001511159
0001511198
0001511325
0001511367
0001511447
0001511448
0001511648
0001511800
0001511863
0001511967
0001512574
0001512693
0001512787
0001513153
0001513514
0001513856
0001514149
0001514370
0001514371
0001514372
0001514373
0001514403
0001514404
0001514608
0001514682
0001514993
0001514994
0001515003
0001515114
0001515115
0001515382
0001515742
0001515800
0001515966
0001516386
0001516580
0001517008
0001517112
0001517224
0001517391
0001517393
0001517526
0001517591
0001517653
0001517783
0001518041
0001518403
0001518520
0001518749
0001518909
0001518964
0001519117
0001519177
0001519534
0001519625
0001519628
0001519632
0001519820
0001519955
0001520007
0001520353
0001520512
0001520566
0001520874
0001521222
0001521417
0001521466
0001521722
0001521762
0001521945
0001522120
0001522121
0001522138
0001522164
0001522182
0001522211
0001522214
0001522221
0001522903
0001523567
0001523733
0001524083
0001524774
0001525040
0001525874
0001525896
0001526185
0001526600
0001526608
0001526759
0001527032
0001527190
0001527378
0001527424
0001527722
0001527727
0001527760
0001527795
0001528006
0001528061
0001528171
0001528410
0001528697
0001528837
0001528843
0001528875
0001529004
0001529433
0001529505
0001529692
0001529804
0001529979
0001530244
0001531434
0001531537
0001531744
0001531764
0001532288
0001532796
0001532882
0001532926
0001532930
0001533526
0001533758
0001534099
0001534263
0001534287
0001534298
0001534628
0001534629
0001534731
0001534814
0001534977
0001535013
0001535147
0001535527
0001536047
0001536521
0001536643
0001537660
0001537663
0001537689
0001537834
0001538333
0001539429
0001539447
0001540047
0001540145
0001540334
0001541165
0001541354
0001541719
0001542261
0001542447
0001542624
0001542625
0001542626
0001542627
0001542628
0001543367
0001543450
0001544190
0001544861
0001545078
0001545208
0001546609
0001546640
0001546958
0001547021
0001548082
0001548404
0001548691
0001548805
0001548953
0001549922
0001550377
0001550536
0001550929
0001550956
0001551286
0001551390
0001551454
0001551510
0001552164
0001552358
0001552700
0001552946
0001553023
0001553304
0001553620
0001553830
0001554196
0001554238
0001554240
0001554241
0001554864
0001554923
0001554970
0001555074
0001555877
0001556148
0001556377
0001556898
0001557883
0001558085
0001558235
0001558294
0001558441
0001558902
0001558989
0001559001
0001559484
0001559845
0001559954
0001560021
0001560046
0001560143
0001560158
0001561206
0001561257
0001561299
0001561399
0001561679
0001561781
0001561865
0001561951
0001562039
0001562498
0001562622
0001563004
0001563756
0001563915
0001563922
0001564609
0001564610
0001564657
0001564822
0001565220
0001565383
0001565487
0001566011
0001566039
0001566445
0001566469
0001566895
0001566897
0001566912
0001566978
0001567520
0001567860
0001567865
0001568427
0001568669
0001568832
0001569134
0001570279
0001570649
0001570774
0001571116
0001571274
0001571371
0001571804
0001571833
0001572422
0001572758
0001572840
0001572983
0001573097
0001573590
0001573683
0001574291
0001574300
0001574540
0001574632
0001574672
0001574774
0001574969
0001575048
0001575189
0001575259
0001575319
0001575428
0001575571
0001575574
0001576575
0001577095
0001577368
0001577423
0001577882
0001578086
0001578318
0001578327
0001578328
0001578329
0001578742
0001579546
0001580167
0001580276
0001580426
0001580443
0001580552
0001580673
0001580676
0001580836
0001580988
0001581223
0001581312
0001581405
0001581552
0001581776
0001581874
0001581889
0001582576
0001582586
0001582616
0001582718
0001582741
0001582962
0001583077
0001583773
0001583994
0001584104
0001584423
0001584489
0001584701
0001584770
0001584952
0001585002
0001585101
0001585149
0001585219
0001585583
0001586227
0001586494
0001586513
0001586573
0001586609
0001586727
0001587063
0001587285
0001587637
0001587755
0001588238
0001588242
0001588272
0001588869
0001589919
0001590044
0001590685
0001590743
0001590799
0001591615
0001591834
0001592000
0001592107
0001592365
0001592379
0001592592
0001592706
0001592745
0001592782
0001592998
0001593812
0001594109
0001594114
0001594485
0001595326
0001595627
0001596089
0001597483
0001598683
0001598776
0001598893
0001598968
0001599414
0001600249
0001600347
0001600508
0001600694
0001600750
0001600774
0001600784
0001601602
0001602065
0001602367
0001602929
0001603286
0001603291
0001603480
0001603671
0001603794
0001604416
0001604738
0001604906
0001605674
0001606180
0001606219
0001606254
0001606355
0001606736
0001606808
0001606965
0001608104
0001608269
0001608429
0001608430
0001608638
0001609132
0001609319
0001609471
0001609865
0001609866
0001610457
0001610718
0001610754
0001610764
0001610785
0001610804
0001610979
0001611019
0001611110
0001611282
0001611742
0001612188
0001612252
0001612253
0001612254
0001612624
0001613394
0001613809
0001614184
0001614502
0001614540
0001614826
0001614976
0001615222
0001615368
0001616093
0001616314
0001617572
0001617686
0001618084
0001618694
0001618696
0001618697
0001618930
0001619174
0001619312
0001619409
0001619541
0001619739
0001619870
0001619917
0001620280
0001620702
0001620908
0001621499
0001621563
0001622353
0001622537
0001622577
0001623013
0001623024
0001624025
0001624203
0001624644
0001624826
0001624899
0001625584
0001625703
0001626078
0001627631
0001627857
0001628175
0001628228
0001628738
0001629702
0001630970
0001631001
0001631256
0001631547
0001632275
0001632276
0001632312
0001633858
0001634052
0001634291
0001634408
0001634413
0001634421
0001634423
0001634424
0001634452
0001634912
0001635341
0001635484
0001635538
0001635607
0001635718
0001635840
0001635863
0001635965
0001636023
0001636300
0001636315
0001637242
0001637558
0001638058
0001639143
0001639836
0001639874
0001640265
0001640313
0001640967
0001640982
0001640997
0001641488
0001641521
0001641991
0001642223
0001642363
0001642862
0001642985
0001643301
0001643319
0001643542
0001643930
0001644149
0001644440
0001644509
0001644825
0001644869
0001644889
0001645026
0001645316
0001645842
0001646614
0001646916
0001647509
0001647771
0001648104
0001648383
0001649338
0001649345
0001649881
0001650203
0001650204
0001650205
0001651286
0001651407
0001652101
0001652926
0001653099
0001653629
0001653710
0001653882
0001654948
0001655349
0001655780
0001655887
0001655971
0001657249
0001657250
0001657564
0001657737
0001658305
0001658433
0001658520
0001658521
0001659911
0001660156
0001660329
0001661458
0001662645
0001662669
0001662907
0001662972
0001663038
0001664040
0001664106
0001664780
0001665421
0001666114
0001666178
0001666267
0001666384
0001667153
0001667154
0001667615
0001667939
0001668224
0001668523
0001669479
0001669513
0001669600
0001670196
0001670961
0001671077
0001671686
0001671941
0001672255
0001672690
0001672754
0001672885
0001672899
0001672900
0001672985
0001673431
0001673987
0001674760
0001675442
0001675583
0001676394
0001676667
0001679379
0001679629
0001680228
0001680232
0001680525
0001681400
0001681714
0001684508
0001684682
0001685462
0001685616
0001686400
0001686515
0001687242
0001687999
0001688016
0001688667
0001688852
0001689265
0001689382
0001689813
0001690384
0001690486
0001690536
0001690622
0001690921
0001691507
0001692780
0001692951
0001692981
0001693415
0001693683
0001693686
0001693696
0001693801
0001693853
0001694688
0001695963
0001696088
0001697080
0001697730
0001697884
0001698538
0001698832
0001699126
0001699759
0001700357
0001701874
0001702015
0001702191
0001702388
0001702494
0001702510
0001702916
0001703489
0001703975
0001704956
0001705126
0001705445
0001706509
0001706573
0001706945
0001707258
0001707306
0001708715
0001709017
0001709474
0001709542
0001709587
0001711438
0001711485
0001711631
0001711736
0001711799
0001711929
0001712041
0001713952
0001714232
0001714367
0001714973
0001715268
0001715629
0001715933
0001717310
0001718644
0001719323
0001720286
0001721056
0001721133
0001721478
0001722556
0001723083
0001723177
0001723866
0001724001
0001724787
0001724979
0001725206
0001726146
0001726287
0001726548
0001726822
0001727815
0001729751
0001730732
0001731362
0001732004
0001732677
0001733443
0001733861
0001735092
0001735828
0001735858
0001739208
0001739614
0001740093
0001740742
0001741603
0001742491
0001742924
0001743415
0001744894
0001744895
0001745032
0001746037
0001746214
0001746468
0001747009
0001748232
0001748401
0001749849
0001750398
0001750506
0001751143
0001751692
0001751882
0001752773
0001753681
0001753945
0001755347
0001755755
0001756704
0001756761
0001758157
0001759424
0001761534
0001762533
0001763657
0001765048
0001765107
0001766016
0001766037
0001766267
0001766352
0001766682
0001768206
0001769267
0001770202
0001772704
0001776932
0001778343
0001779523
0001781726
0001781870
0001784700
0001786835
0001787123
0001792509
0001793330
0001793906
0001794276
0001795938
0001796297
0001797762
0001798458
0001801762
0001802830
0001803284
0001803498
0001803827
0001804585
0001805024
0001807594
0001811972
0001812554
0001813744
0001813793
0001815547
0001815737
0001816176
0001816937
0001817218
0001817640
0001817825
0001817868
0001817944
0001818152
0001818550
0001818674
0001818876
0001819399
0001819496
0001820852
0001820877
0001820931
0001822250
0001822366
0001822372
0001822862
0001822886
0001823896
0001825042
0001825249
0001825265
0001825384
0001825590
0001827871
0001828182
0001828326
0001828478
0001828613
0001828650
0001828739
0001829322
0001829432
0001829730
0001830503
0001831114
0001831978
0001831992
0001832136
0001832148
0001832371
0001832433
0001833908
0001834543
0001835205
0001835814
0001835817
0001836056
0001836478
0001836547
0001836894
0001837238
0001837532
0001837929
0001838000
0001838126
0001838207
0001838513
0001838814
0001838876
0001839175
0001839185
0001839191
0001839519
0001840416
0001841137
0001841230
0001841338
0001841514
0001841586
0001841873
0001842167
0001842219
0001842384
0001842430
0001842563
0001842609
0001842644
0001842937
0001843100
0001843121
0001843205
0001843370
0001843714
0001843862
0001843993
0001844135
0001844224
0001844270
0001844336
0001844507
0001844650
0001844744
0001844793
0001844817
0001844908
0001844981
0001845013
0001845368
0001845601
0001845618
0001845942
0001846068
0001846136
0001846750
0001846809
0001846968
0001846975
0001847112
0001847355
0001847577
0001848020
0001848097
0001848558
0001848795
0001848821
0001848898
0001848948
0001849011
0001849089
0001849489
0001849548
0001849580
0001849737
0001849894
0001849902
0001850038
0001850262
0001850271
0001850272
0001850316
0001850487
0001850502
0001850529
0001850787
0001850938
0001851230
0001851266
0001851277
0001851322
0001851612
0001851625
0001851860
0001851908
0001852407
0001852432
0001852495
0001852536
0001852575
0001852736
0001852931
0001852940
0001853021
0001853047
0001853112
0001853314
0001853436
0001853506
0001853594
0001853651
0001853775
0001854463
0001854583
0001854863
0001855168
0001855351
0001855631
0001855751
0001856161
0001856242
0001856519
0001856589
0001856608
0001856653
0001856696
0001856724
0001856961
0001857410
0001857518
0001857662
0001857803
0001857855
0001857910
0001858028
0001858327
0001858414
0001858684
0001858912
0001859310
0001859686
0001859919
0001860173
0001860424
0001860482
0001860484
0001861063
0001861121
0001861522
0001861645
0001862068
0001862327
0001863181
0001863294
0001863460
0001863685
0001863719
0001864032
0001864448
0001865120
0001865127
0001865174
0001865187
0001865191
0001865377
0001865407
0001865533
0001865537
0001865697
0001865852
0001865975
0001866001
0001866547
0001867443
0001867956
0001868516
0001868878
0001869141
0001869453
0001869601
0001869673
0001870129
0001870143
0001870267
0001870778
0001870925
0001871149
0001871745
0001871890
0001872066
0001872371
0001873441
0001873964
0001874495
0001874999
0001875257
0001875493
0001876255
0001877561
0001878074
0001879221
0001879270
0001879297
0001879373
0001879851
0001880249
0001880441
0001880968
0001881462
0001881741
0001882078
0001882607
0001882850
0001882963
0001883389
0001883799
0001883962
0001883983
0001884697
0001885336
0001885444
0001885461
0001885968
0001886268
0001886799
0001888734
0001889668
0001890107
0001890671
0001891791
0001892025
0001892480
0001893262
0001893325
0001893448
0001894176
0001894210
0001894370
0001894951
0001895144
0001895316
0001895582
0001895939
0001897525
0001897971
0001899017
0001899996
0001900402
0001900520
0001901037
0001901056
0001901164
0001901297
0001901305
0001901606
0001901612
0001901886
0001902649
0001902700
0001902794
0001903464
0001905824
0001906133
0001906195
0001907425
0001909770
0001910950
0001911066
0001911321
0001911500
0001912331
0001912461
0001912540
0001912954
0001914023
0001914496
0001916099
0001916608
0001918080
0001918102
0001918694
0001918712
0001918884
0001919369
0001920145
0001920453
0001922331
0001922947
0001922981
0001925309
0001925531
0001929017
0001929231
0001930054
0001930087
0001930679
0001931691
0001932213
0001932244
0001932591
0001933359
0001935799
0001936702
0001936737
0001936756
0001938569
0001938570
0001938571
0001939433
0001939937
0001940243
0001941360
0001944212
0001944366
0001944831
0001946997
0001948056
0001948368
0001948565
0001948884
0001950429
0001950572
0001950803
0001950976
0001951051
0001954360
0001955010
0001956055
0001957845
0001959568
0001959585
0001959604
0001959961
0001965934
0001966394
0001966734
0001970129
0001971381
0001973047
0001973476
0001974395
0001974793
0001975736
0001975931
0001976336
0001976663
0001976719
0001976900
0001976927
0001977837
0001978111
0001978133
0001979306
0001980295
0001982701
0001985375
0001985554
0001986395
0001987221
0001987731
0001988280
0001989788
0001989817
0001993402
0001994373
0001994582
0001995413
0001995648
0001995920
0001997698
0001998387
0001999261
0001999538
0002000597
0002001249
0002003397
0002003750
0002006191
0002006758
0002008748
0002010982
0002011134
0002011498
0002012139
0002013792
0002016167
0002016420
0002017636
0002018545
0002020354
0002020919
0002021031
0002026448
0002026738
0002027537
0002029014
0002029023
0002029303
0002029586
0002030772
0002031283
0002031750
0002032019
0002032020
0002032260
0002032609
0002033264
0002033362
0002033695
0002033750
0002034288
0002035156
0002035428
0002037804
0002038118
0002041531
0002041841
0002041999
0002043019
0002043020
0002043759
0002044820
0002049595
0002049733
0002050260
0002052152
0002052153
0002057381
0002065337
0002066067
0002066659
0002069238
0002071489
0002074643
